,INP,T
11,21.1481249432,-25.0
24,7.87464674395,-25.0
25,7.16235016311,-25.0
32,8.42999550223,-25.0
34,12.2983224671,-25.0
41,17.7476703791,-25.0
44,3.38856052495,-25.0
53,15.6590864131,-25.0
60,58.8027636519,-25.0
62,11.1260672659,-25.0
70,4.44965527798,-25.0
72,15.5030631273,-25.0
73,16.303077022,-25.0
90,25.1086066488,-25.0
93,18.5125696965,-25.0
104,8.82894997395,-25.0
105,8.59299068011,-25.0
135,3.20139418584,-25.0
140,10.8414209414,-24.0
150,13.8823715316,-24.0
163,3.02584070302,-24.0
164,4.88256586411,-24.0
171,5.44864755379,-24.0
173,9.9740135745,-24.0
180,12.8351212274,-24.0
182,19.084613864,-24.0
183,1.68578875584,-24.0
192,7.58780505425,-24.0
199,23.3715353754,-24.0
200,14.1937950938,-24.0
201,6.41960048923,-24.0
209,2.26431022465,-24.0
211,8.02581546665,-24.0
212,8.41275640914,-24.0
225,8.92741173474,-24.0
229,15.6621076236,-24.0
232,11.3109231771,-24.0
243,2.89503391926,-24.0
244,3.41612758674,-24.0
249,28.6584835939,-24.0
274,0.96479709834,-24.0
276,6.60333822956,-24.0
279,7.17292008718,-23.0
280,5.68364535328,-23.0
289,4.75451027114,-23.0
302,1.02392130154,-23.0
303,3.09395201698,-23.0
310,2.68864467331,-23.0
312,7.37601693272,-23.0
319,6.74948725121,-23.0
321,7.46750086032,-23.0
322,1.18558011348,-23.0
330,20.4731582768,-23.0
331,4.06335475253,-23.0
338,15.2715121979,-23.0
339,8.73628741297,-23.0
340,4.06798190422,-23.0
348,1.29792333682,-23.0
350,5.48654405972,-23.0
351,4.28671515423,-23.0
356,13.0787630713,-23.0
362,15.8060413802,-23.0
364,4.82300757607,-23.0
368,9.43517466391,-23.0
369,28.8737377395,-23.0
371,6.21668618235,-23.0
372,4.24806200773,-23.0
373,5.92233219083,-23.0
382,1.60086077994,-23.0
383,1.6382535487,-23.0
388,20.5220342696,-23.0
392,11.4076993714,-23.0
403,14.0447394085,-23.0
410,5.85887345234,-23.0
413,0.378739084996,-23.0
415,3.06072464751,-23.0
418,4.51667126533,-22.0
419,2.84577873819,-22.0
424,1.28688842957,-22.0
428,1.70926211875,-22.0
434,3.81278997825,-22.0
435,5.76012083878,-22.0
439,8.09816824944,-22.0
441,0.333783267552,-22.0
442,1.55411260111,-22.0
449,1.01484476261,-22.0
451,4.92923732717,-22.0
456,45.8742201448,-22.0
458,3.67085011063,-22.0
460,3.18653643289,-22.0
461,0.644694486431,-22.0
469,12.9090365378,-22.0
470,3.08769715509,-22.0
477,7.07554964104,-22.0
478,4.43196864445,-22.0
479,2.40260242062,-22.0
487,1.01961139893,-22.0
488,26.0872935741,-22.0
489,3.3272627739,-22.0
490,1.9671983154,-22.0
495,5.30034481072,-22.0
496,5.92040513018,-22.0
501,8.55207985568,-22.0
503,2.87860917581,-22.0
507,7.41905539039,-22.0
508,13.3258933999,-22.0
510,4.26375638697,-22.0
511,2.8263241573,-22.0
512,3.12533398685,-22.0
521,0.56975744946,-22.0
522,0.632433982388,-22.0
526,6.69174964295,-22.0
527,11.61618111,-22.0
531,4.64277533088,-22.0
542,7.31028692754,-22.0
549,2.00080984989,-22.0
552,0.29477276989,-22.0
554,1.68501093003,-22.0
557,1.20614479758,-21.0
558,0.934407527557,-21.0
563,0.783266989424,-21.0
567,0.841389484041,-21.0
573,1.51623474949,-21.0
574,2.11002836591,-21.0
578,2.03906101156,-21.0
580,0.211007944079,-21.0
581,0.798298275943,-21.0
582,4.1505707169,-21.0
588,0.691069024201,-21.0
590,3.12978239695,-21.0
595,19.6991879773,-21.0
597,1.76224325649,-21.0
599,1.52097551819,-21.0
600,0.377768348528,-21.0
602,5.82419370393,-21.0
608,3.72738109185,-21.0
609,1.40272137674,-21.0
616,3.53629189789,-21.0
617,1.14775924604,-21.0
618,0.758778945184,-21.0
626,0.689325704157,-21.0
627,19.8732668081,-21.0
628,1.73290571237,-21.0
629,1.15062977138,-21.0
634,2.52404803553,-21.0
635,1.58561118198,-21.0
640,6.13224368132,-21.0
642,1.5592346571,-21.0
646,6.44515939592,-21.0
647,6.4382960737,-21.0
649,2.85463571742,-21.0
650,2.2525755681,-21.0
651,2.18478615875,-21.0
665,3.09583130028,-21.0
666,8.17098786287,-21.0
670,2.84768519423,-21.0
681,4.99872434689,-21.0
688,0.930175001882,-21.0
691,0.244578593265,-21.0
693,0.636204975512,-21.0
696,0.611233990697,-20.0
697,0.391435726115,-20.0
702,0.568175150437,-20.0
706,0.470312666741,-20.0
712,0.835423447447,-20.0
713,1.00705006718,-20.0
717,0.685755322066,-20.0
720,0.512892247357,-20.0
721,1.76639659062,-20.0
727,0.278157029893,-20.0
729,2.80412882729,-20.0
734,11.0676789423,-20.0
735,11.3741195225,-20.0
736,0.720407020492,-20.0
738,0.698731424531,-20.0
739,0.163270062492,-20.0
740,7.24584073717,-20.0
741,1.32387751675,-20.0
742,3.91811915961,-20.0
747,1.6057111683,-20.0
748,0.835896750493,-20.0
755,1.93144905836,-20.0
756,0.430920075506,-20.0
757,0.502459231275,-20.0
765,0.448020284776,-20.0
766,15.824609506,-20.0
767,0.679138876423,-20.0
768,1.05190479584,-20.0
773,1.34299405374,-20.0
774,0.855189985536,-20.0
779,3.94432592779,-20.0
781,1.07223142066,-20.0
785,5.77534372705,-20.0
786,4.67443376411,-20.0
788,2.66249704849,-20.0
789,2.13815195018,-20.0
790,1.16045274732,-20.0
804,2.59709311977,-20.0
805,6.99142668029,-20.0
809,1.59207378954,-20.0
820,3.60771216404,-20.0
827,0.339819029835,-20.0
830,0.194384416641,-20.0
832,0.183828728331,-20.0
835,0.493593144933,-19.0
836,0.32250257774,-19.0
841,0.501649646231,-19.0
845,0.395937507546,-19.0
851,0.317892334254,-19.0
852,0.484225055998,-19.0
856,0.344852458193,-19.0
859,0.451917505175,-19.0
860,1.01422116711,-19.0
866,0.19110748433,-19.0
868,1.78850142527,-19.0
873,8.91275678128,-19.0
874,3.38277514977,-19.0
875,0.614212980394,-19.0
877,0.417328038926,-19.0
878,0.128113351653,-19.0
879,0.576824806023,-19.0
880,0.607235683952,-19.0
881,2.09633005492,-19.0
886,1.31430635449,-19.0
887,0.778820834302,-19.0
894,1.3225823189,-19.0
895,0.25548664186,-19.0
896,0.431939580733,-19.0
904,0.382943086123,-19.0
905,13.771093613,-19.0
906,0.484754086303,-19.0
907,0.97356526669,-19.0
912,0.849780199296,-19.0
913,0.437180562896,-19.0
918,3.14742737542,-19.0
920,0.682313827765,-19.0
924,4.84992701531,-19.0
925,2.49643246206,-19.0
927,2.16781981056,-19.0
928,1.82185359269,-19.0
929,0.721717454945,-19.0
943,2.38912221138,-19.0
944,6.64720783917,-19.0
948,0.421932411948,-19.0
959,3.15458136664,-19.0
966,0.135694421093,-19.0
971,0.100829942268,-19.0
974,0.296182321355,-18.0
975,0.209064824233,-18.0
980,0.457684494032,-18.0
984,0.238858737141,-18.0
990,0.140543469736,-18.0
991,0.377983951505,-18.0
995,0.316936823171,-18.0
998,0.288789188456,-18.0
999,0.561755310199,-18.0
1007,1.34267181867,-18.0
1012,4.37431886365,-18.0
1013,0.98956748901,-18.0
1014,0.508018940296,-18.0
1016,0.331136247872,-18.0
1017,0.0948528202638,-18.0
1019,0.149147215374,-18.0
1020,1.03899549899,-18.0
1025,1.15608843662,-18.0
1026,0.72174491811,-18.0
1027,6.81857170483,-18.0
1033,0.696361065623,-18.0
1034,0.210657765342,-18.0
1035,0.363852638693,-18.0
1043,0.335005575878,-18.0
1044,12.112115064,-18.0
1045,0.367395942012,-18.0
1046,0.597135328927,-18.0
1051,0.610512612713,-18.0
1052,0.398901542836,-18.0
1057,2.45419375007,-18.0
1059,0.510782131318,-18.0
1063,4.38653858932,-18.0
1064,2.38058873738,-18.0
1066,1.45241612984,-18.0
1067,1.4861220134,-18.0
1068,0.4731279143,-18.0
1082,2.28207220923,-18.0
1083,5.8481468754,-18.0
1087,0.29425218588,-18.0
1098,2.94322480287,-18.0
1105,0.0973913221623,-18.0
1110,0.0822769264402,-18.0
1113,0.217124268275,-17.0
1114,0.171879789821,-17.0
1119,0.334721074522,-17.0
1123,0.166700801721,-17.0
1124,7.08875026265,-17.0
1129,0.121540254084,-17.0
1130,0.308666706978,-17.0
1134,0.289021188149,-17.0
1137,0.269352106394,-17.0
1138,0.444151495874,-17.0
1139,6.33749958955,-17.0
1146,0.689787566313,-17.0
1151,3.28410114412,-17.0
1152,0.454246621747,-17.0
1153,0.401824900198,-17.0
1155,0.235582542148,-17.0
1156,0.0665861502357,-17.0
1158,0.100691667889,-17.0
1159,0.585392110864,-17.0
1164,0.628651928191,-17.0
1165,0.634306275941,-17.0
1166,1.0343446432,-17.0
1173,0.165828888823,-17.0
1174,0.306136717111,-17.0
1182,0.112542885108,-17.0
1183,7.77587228541,-17.0
1184,0.194290705321,-17.0
1185,0.535878050754,-17.0
1190,0.410571556677,-17.0
1191,0.360622522776,-17.0
1196,1.88294822638,-17.0
1198,0.431564580828,-17.0
1202,2.04016593332,-17.0
1203,2.26474501271,-17.0
1205,0.933943500465,-17.0
1206,1.08560508271,-17.0
1207,0.398934256038,-17.0
1221,2.18877435484,-17.0
1222,5.51204934806,-17.0
1226,0.259981980197,-17.0
1237,2.68457067942,-17.0
1244,0.0731245907089,-17.0
1249,0.0637239106127,-17.0
1252,0.160151038389,-16.0
1253,0.139012841146,-16.0
1258,0.200539525882,-16.0
1263,5.13601237333,-16.0
1268,0.0908052158471,-16.0
1269,0.174679897925,-16.0
1273,0.261105553126,-16.0
1276,0.23887093374,-16.0
1277,0.295193335692,-16.0
1278,2.60429912723,-16.0
1285,0.301582960664,-16.0
1290,2.2868724948,-16.0
1291,0.102420481665,-16.0
1295,0.0529333680679,-16.0
1298,0.201940978606,-16.0
1304,0.479134818674,-16.0
1305,0.568363569458,-16.0
1313,0.229360111246,-16.0
1322,0.61309797283,-16.0
1323,0.16649161993,-16.0
1324,0.474620772581,-16.0
1329,0.333868849059,-16.0
1330,0.320605178704,-16.0
1335,0.810121804585,-16.0
1337,0.360547295625,-16.0
1341,0.859657490286,-16.0
1342,2.14890128803,-16.0
1344,0.418439214859,-16.0
1345,0.226462921044,-16.0
1346,0.378103262072,-16.0
1360,2.1031786564,-16.0
1361,4.81500664066,-16.0
1365,0.225711774514,-16.0
1376,2.59989605245,-16.0
1392,0.0961192165185,-15.0
1397,0.163256850786,-15.0
1402,3.29577463209,-15.0
1412,0.233189918104,-15.0
1415,0.198679297765,-15.0
1416,0.143097011611,-15.0
1417,1.19877681005,-15.0
1424,0.266731875657,-15.0
1429,1.18083348191,-15.0
1434,0.0496090170477,-15.0
1443,0.360633168083,-15.0
1444,0.350915431417,-15.0
1461,0.269841863434,-15.0
1462,0.138692534538,-15.0
1463,0.419965213771,-15.0
1468,0.294729367447,-15.0
1469,0.22438202488,-15.0
1474,0.682469890858,-15.0
1476,0.290147234692,-15.0
1480,0.288395833906,-15.0
1481,1.61688863137,-15.0
1483,0.187023699956,-15.0
1484,0.161840408522,-15.0
1485,0.357272268107,-15.0
1499,2.01807458494,-15.0
1500,3.90670414151,-15.0
1504,0.191441568831,-15.0
1515,2.32029164216,-15.0
