,Date,Start_t,end_t,INP
1,16092612001500,1200,1500,0.611233990697
2,16092612111512,1211,1512,0.391435726115
3,16092611521452,1152,1452,1.69210558971
4,16092710571426,1057,1426,0.568175150437
5,16092812351535,1235,1535,0.470312666741
8,16093011201355,1120,1355,0.80896123556
9,16093014211621,1421,1621,1.00705006718
10,16100313351636,1335,1636,1.76639659062
11,16100310261327,1026,1327,0.0927264661309
12,16100310321335,1032,1335,0.512892247357
15,16100410331320,1033,1320,2.80412882729
16,16100511161559,1116,1559,11.3741195225
17,16100513391439,1339,1439,11.0676789423
19,16100614241654,1424,1654,0.698731424531
20,16100611401410,1140,1410,0.163270062492
21,16100614241654,1424,1654,7.24584073717
22,16100611391413,1139,1413,1.32387751675
23,16100614201658,1420,1658,3.91811915961
25,16100713021502,1302,1502,0.835896750493
27,16100710411241,1041,1241,1.6057111683
28,16101012391339,1239,1339,1.93144905836
29,16101013501636,1350,1636,0.409613756484
30,16101011291636,1129,1636,0.437841110864
33,16101110401403,1040,1403,0.679138876423
34,16101110401403,1040,1403,0.448020284776
35,16101114101624,1410,1624,15.824609506
36,16101114101624,1410,1624,1.05190479584
41,16101310391442,1039,1442,1.33301664794
42,16101310411442,1041,1442,0.855189985536
45,16101711461449,1146,1449,1.07223142066
48,16101814151610,1415,1610,2.66249704849
49,16101810451352,1045,1352,2.13815195018
50,16101814001615,1400,1615,1.16045274732
52,16102011451335,1145,1335,0.208995620225
54,16102013451600,1345,1600,0.225047182083
56,16102114421636,1442,1636,1.30157059989
57,16102114421636,1442,1636,6.99142668029
59,16102111421636,1142,1636,2.59709311977
60,16102412051537,1205,1537,1.59207378954
64,16102711491558,1149,1558,3.60771216404
68,16103110171730,1017,1730,0.339819029835
69,16110111101410,1110,1410,0.194384416641
71,16110210291529,1029,1529,0.183828728331
