,INP,T
12,21.1481249432,-25.0
24,7.87464674395,-25.0
25,7.16235016311,-25.0
33,12.2983224671,-25.0
42,3.38856052495,-25.0
51,15.6590864131,-25.0
58,58.8027636519,-25.0
60,11.1260672659,-25.0
68,4.44965527798,-25.0
70,15.5030631273,-25.0
71,16.303077022,-25.0
88,18.5125696965,-25.0
99,8.82894997395,-25.0
100,8.59299068011,-25.0
130,3.20139418584,-25.0
136,10.8414209414,-24.0
146,13.8823715316,-24.0
158,3.02584070302,-24.0
159,4.88256586411,-24.0
167,9.9740135745,-24.0
175,19.084613864,-24.0
176,1.68578875584,-24.0
185,7.58780505425,-24.0
192,23.3715353754,-24.0
193,14.1937950938,-24.0
194,6.41960048923,-24.0
202,2.26431022465,-24.0
204,8.02581546665,-24.0
205,8.41275640914,-24.0
217,8.92741173474,-24.0
222,11.3109231771,-24.0
233,2.89503391926,-24.0
234,3.41612758674,-24.0
239,28.6584835939,-24.0
264,0.96479709834,-24.0
266,6.60333822956,-24.0
270,7.17292008718,-23.0
271,5.68364535328,-23.0
280,4.75451027114,-23.0
292,1.02392130154,-23.0
293,3.09395201698,-23.0
301,7.37601693272,-23.0
309,7.46750086032,-23.0
310,1.18558011348,-23.0
318,20.4731582768,-23.0
319,4.06335475253,-23.0
326,15.2715121979,-23.0
327,8.73628741297,-23.0
328,4.06798190422,-23.0
336,1.29792333682,-23.0
338,5.48654405972,-23.0
339,4.28671515423,-23.0
344,13.0787630713,-23.0
351,4.82300757607,-23.0
356,6.21668618235,-23.0
357,4.24806200773,-23.0
358,5.92233219083,-23.0
367,1.60086077994,-23.0
368,1.6382535487,-23.0
373,20.5220342696,-23.0
377,11.4076993714,-23.0
388,14.0447394085,-23.0
395,5.85887345234,-23.0
398,0.378739084996,-23.0
400,3.06072464751,-23.0
403,3.11498069889,-22.0
404,4.51667126533,-22.0
405,2.84577873819,-22.0
410,1.28688842957,-22.0
414,1.70926211875,-22.0
420,3.81278997825,-22.0
421,5.84,-22.0
426,0.333783267552,-22.0
427,1.55411260111,-22.0
435,4.92923732717,-22.0
440,45.8742201448,-22.0
443,3.18653643289,-22.0
444,0.644694486431,-22.0
452,12.9090365378,-22.0
453,3.08769715509,-22.0
460,7.07554964104,-22.0
461,4.43196864445,-22.0
462,2.40260242062,-22.0
470,1.01961139893,-22.0
471,26.0872935741,-22.0
472,3.3272627739,-22.0
473,1.9671983154,-22.0
478,5.30034481072,-22.0
479,5.92040513018,-22.0
485,2.87860917581,-22.0
490,4.26375638697,-22.0
491,2.8263241573,-22.0
492,3.12533398685,-22.0
501,0.56975744946,-22.0
502,0.632433982388,-22.0
506,6.69174964295,-22.0
507,11.61618111,-22.0
511,4.64277533088,-22.0
522,7.31028692754,-22.0
529,2.00080984989,-22.0
532,0.29477276989,-22.0
534,1.68501093003,-22.0
537,1.83966301298,-21.0
538,1.20614479758,-21.0
539,0.934407527557,-21.0
544,0.783266989424,-21.0
548,0.841389484041,-21.0
554,1.51623474949,-21.0
555,2.15,-21.0
560,0.211007944079,-21.0
561,0.798298275943,-21.0
562,4.1505707169,-21.0
569,3.12978239695,-21.0
574,19.6991879773,-21.0
577,1.52097551819,-21.0
578,0.377768348528,-21.0
580,5.82419370393,-21.0
586,3.72738109185,-21.0
587,1.40272137674,-21.0
594,3.53629189789,-21.0
595,1.14775924604,-21.0
596,0.758778945184,-21.0
604,0.689325704157,-21.0
605,19.8732668081,-21.0
606,1.73290571237,-21.0
607,1.15062977138,-21.0
612,2.52404803553,-21.0
613,1.58561118198,-21.0
619,1.5592346571,-21.0
624,2.85463571742,-21.0
625,2.2525755681,-21.0
626,2.18478615875,-21.0
640,3.09583130028,-21.0
641,8.17098786287,-21.0
645,2.84768519423,-21.0
656,4.99872434689,-21.0
663,0.930175001882,-21.0
666,0.244578593265,-21.0
668,0.636204975512,-21.0
671,1.69210558971,-20.0
672,0.611233990697,-20.0
673,0.391435726115,-20.0
678,0.568175150437,-20.0
682,0.470312666741,-20.0
688,0.835423447447,-20.0
689,0.988,-20.0
695,0.512892247357,-20.0
696,1.76639659062,-20.0
703,2.80412882729,-20.0
708,11.0676789423,-20.0
709,11.3741195225,-20.0
711,0.698731424531,-20.0
712,0.163270062492,-20.0
713,7.24584073717,-20.0
714,1.32387751675,-20.0
715,3.91811915961,-20.0
720,1.6057111683,-20.0
721,0.835896750493,-20.0
728,1.93144905836,-20.0
729,0.430920075506,-20.0
730,0.502459231275,-20.0
738,0.448020284776,-20.0
739,15.824609506,-20.0
740,0.679138876423,-20.0
741,1.05190479584,-20.0
746,1.34299405374,-20.0
747,0.855189985536,-20.0
753,1.07223142066,-20.0
758,2.66249704849,-20.0
759,2.13815195018,-20.0
760,1.16045274732,-20.0
774,2.59709311977,-20.0
775,6.99142668029,-20.0
779,1.59207378954,-20.0
790,3.60771216404,-20.0
797,0.339819029835,-20.0
800,0.194384416641,-20.0
802,0.183828728331,-20.0
805,1.4599588721,-19.0
806,0.493593144933,-19.0
807,0.32250257774,-19.0
812,0.501649646231,-19.0
816,0.395937507546,-19.0
822,0.317892334254,-19.0
823,0.48875,-19.0
829,0.451917505175,-19.0
830,1.01422116711,-19.0
837,1.78850142527,-19.0
842,8.91275678128,-19.0
843,3.38277514977,-19.0
845,0.417328038926,-19.0
846,0.128113351653,-19.0
847,0.576824806023,-19.0
848,0.607235683952,-19.0
849,2.09633005492,-19.0
854,1.31430635449,-19.0
855,0.778820834302,-19.0
862,1.3225823189,-19.0
863,0.25548664186,-19.0
864,0.431939580733,-19.0
872,0.382943086123,-19.0
873,13.771093613,-19.0
874,0.484754086303,-19.0
875,0.97356526669,-19.0
880,0.849780199296,-19.0
881,0.437180562896,-19.0
887,0.682313827765,-19.0
892,2.16781981056,-19.0
893,1.82185359269,-19.0
894,0.721717454945,-19.0
908,2.38912221138,-19.0
909,6.64720783917,-19.0
913,0.421932411948,-19.0
924,3.15458136664,-19.0
931,0.135694421093,-19.0
936,0.100829942268,-19.0
939,0.889598706183,-18.0
940,0.296182321355,-18.0
941,0.209064824233,-18.0
946,0.457684494032,-18.0
950,0.238858737141,-18.0
956,0.140543469736,-18.0
957,0.375375,-18.0
963,0.288789188456,-18.0
964,0.561755310199,-18.0
971,1.34267181867,-18.0
976,4.37431886365,-18.0
977,0.98956748901,-18.0
979,0.331136247872,-18.0
980,0.0948528202638,-18.0
982,0.149147215374,-18.0
983,1.03899549899,-18.0
988,1.15608843662,-18.0
989,0.72174491811,-18.0
990,6.81857170483,-18.0
996,0.696361065623,-18.0
997,0.210657765342,-18.0
998,0.363852638693,-18.0
1006,0.335005575878,-18.0
1007,12.112115064,-18.0
1008,0.367395942012,-18.0
1009,0.597135328927,-18.0
1014,0.610512612713,-18.0
1015,0.398901542836,-18.0
1021,0.510782131318,-18.0
1026,1.45241612984,-18.0
1027,1.4861220134,-18.0
1028,0.4731279143,-18.0
1042,2.28207220923,-18.0
1043,5.8481468754,-18.0
1047,0.29425218588,-18.0
1058,2.94322480287,-18.0
1065,0.0973913221623,-18.0
1070,0.0822769264402,-18.0
1073,0.719084569184,-17.0
1074,0.217124268275,-17.0
1075,0.171879789821,-17.0
1080,0.334721074522,-17.0
1084,0.166700801721,-17.0
1085,7.08875026265,-17.0
1090,0.121540254084,-17.0
1091,0.306,-17.0
1097,0.269352106394,-17.0
1098,0.444151495874,-17.0
1099,6.33749958955,-17.0
1105,0.689787566313,-17.0
1110,3.28410114412,-17.0
1111,0.454246621747,-17.0
1113,0.235582542148,-17.0
1114,0.0665861502357,-17.0
1116,0.100691667889,-17.0
1117,0.585392110864,-17.0
1122,0.628651928191,-17.0
1123,0.634306275941,-17.0
1124,1.0343446432,-17.0
1131,0.165828888823,-17.0
1132,0.306136717111,-17.0
1140,0.112542885108,-17.0
1141,7.77587228541,-17.0
1142,0.194290705321,-17.0
1143,0.535878050754,-17.0
1148,0.410571556677,-17.0
1149,0.360622522776,-17.0
1155,0.431564580828,-17.0
1160,0.933943500465,-17.0
1161,1.08560508271,-17.0
1162,0.398934256038,-17.0
1176,2.18877435484,-17.0
1177,5.51204934806,-17.0
1181,0.259981980197,-17.0
1192,2.68457067942,-17.0
1199,0.0731245907089,-17.0
1204,0.0637239106127,-17.0
1207,0.558749163291,-16.0
1208,0.160151038389,-16.0
1209,0.139012841146,-16.0
1214,0.200539525882,-16.0
1219,5.13601237333,-16.0
1224,0.0908052158471,-16.0
1225,0.175733333333,-16.0
1231,0.23887093374,-16.0
1232,0.295193335692,-16.0
1233,2.60429912723,-16.0
1239,0.301582960664,-16.0
1244,2.2868724948,-16.0
1245,0.102420481665,-16.0
1248,0.0529333680679,-16.0
1251,0.201940978606,-16.0
1257,0.479134818674,-16.0
1258,0.568363569458,-16.0
1266,0.229360111246,-16.0
1275,0.61309797283,-16.0
1276,0.16649161993,-16.0
1277,0.474620772581,-16.0
1282,0.333868849059,-16.0
1283,0.320605178704,-16.0
1289,0.360547295625,-16.0
1294,0.418439214859,-16.0
1295,0.226462921044,-16.0
1296,0.378103262072,-16.0
1310,2.1031786564,-16.0
1311,4.81500664066,-16.0
1315,0.225711774514,-16.0
1326,2.59989605245,-16.0
1341,0.404893504296,-15.0
1343,0.0961192165185,-15.0
1348,0.163256850786,-15.0
1353,3.29577463209,-15.0
1365,0.198679297765,-15.0
1366,0.143097011611,-15.0
1367,1.19877681005,-15.0
1373,0.266731875657,-15.0
1378,1.18083348191,-15.0
1382,0.0496090170477,-15.0
1391,0.360633168083,-15.0
1392,0.350915431417,-15.0
1409,0.269841863434,-15.0
1410,0.138692534538,-15.0
1411,0.419965213771,-15.0
1416,0.294729367447,-15.0
1417,0.22438202488,-15.0
1423,0.290147234692,-15.0
1428,0.187023699956,-15.0
1429,0.161840408522,-15.0
1430,0.357272268107,-15.0
1444,2.01807458494,-15.0
1445,3.90670414151,-15.0
1449,0.191441568831,-15.0
1460,2.32029164216,-15.0
